0 0 0 0 0 0 0 0 0 0 0 0 0 0 0 0 0 0 0 0 0 0 
0 0 0 0 0 0 0 0 0 0 0 0 0 0 0 0 0 0 0 0 0 0 
0 0 0 0 0 0 0 0 0 0 0 0 0 0 0 0 0 0 0 0 0 0 
0 0 0 0 0 0 0 0 0 0 0 0 0 0 0 0 0 0 0 0 0 0 
0 0 0 0 0 0 0 0 0 0 0 0 0 0 0 0 0 0 0 0 0 0 
0 0 0 0 0 0 0 0 0 0 0 0 0 0 0 0 0 0 0 0 0 0 
0 0 0 0 0 0 0 0 0 0 0 0 0 0 0 0 0 0 0 0 0 0 
0 0 0 0 -0.00628633 -0.0375716 -0.0313734 0.0102151 0.00546799 0.0201439 0.294601 0.323883 0.0714352 -4.85644e-05 0.118605 0.0353603 0 0 0 0 0 0 
0 0 0 -0.142947 -0.640959 -1.12432 -0.698629 0.610898 0.788661 2.27004 4.04731 3.09297 0.612485 -1.08012 5.98063 1.8877 0 0 0 0 0 0 
0 0 0 -1.85283 -7.74266 -3.57466 -1.06377 0.46222 2.23834 4.26866 3.55441 -1.22622 -1.42503 -4.41737 8.10116 2.76258 0 0 0 0 0 0 
0 0 0 -1.23316 -5.53329 -9.95396 -20.7432 -19.6721 -12.4966 -24.4068 -17.7781 -17.5427 -22.1146 -3.31665 -0.856505 -0.155261 0 0 0 0 0 0 
0 0 0 -0.796705 -11.7864 -8.6557 -25.3212 -32.3792 -18.7815 -16.6452 -16.6574 -38.128 -17.7399 -3.51304 -1.61457 1.17369 0 0 0 0 0 0 
0 0 0 -0.113521 -9.77471 -16.7811 -2.84801 -9.29484 -5.40474 -14.2686 -2.50166 -7.3032 -2.29451 -5.84871 -9.09671 -0.768029 0 0 0 0 0 0 
0 0 0 -0.0435649 -4.03353 -16.5737 -0.73772 -9.41026 -30.3425 -0.859007 -31.758 -6.64733 -0.707711 -10.1994 -9.26856 -0.310158 0 0 0 0 0 0 
0 0 0 -3.28296e-05 -2.97586 -11.619 -12.1226 -14.1691 -9.46592 -13.0569 -8.4747 -21.8584 -3.45535 -14.2438 -2.79315 -0.0682062 0 0 0 0 0 0 
0 0 0 0 -0.282341 -8.43094 -7.25232 -5.75139 -13.6955 -13.2231 -16.2583 -8.95064 -9.02249 -4.07715 -1.06229 0 0 0 0 0 0 0 
0 0 0 0 -0.00747049 -0.244212 -2.70519 1.81759 3.99169 0.464935 -2.91611 2.50664 0.031755 -0.805591 -0.000689066 0 0 0 0 0 0 0 
0 0 0 0 0 -0.00117701 0.0156038 0.269355 2.73588 2.48245 -0.618216 -0.938678 0.118547 0.000266876 0 0 0 0 0 0 0 0 
0 0 0 0 0 0 0 0.00131904 0.0124235 0.0887786 0.0480737 -0.00249004 -2.07607e-05 0 0 0 0 0 0 0 0 0 
0 0 0 0 0 0 0 0 0 0 0 0 0 0 0 0 0 0 0 0 0 0 
0 0 0 0 0 0 0 0 0 0 0 0 0 0 0 0 0 0 0 0 0 0 
0 0 0 0 0 0 0 0 0 0 0 0 0 0 0 0 0 0 0 0 0 0 
0 0 0 0 0 0 0 0 0 0 0 0 0 0 0 0 0 0 0 0 0 0 
0 0 0 0 0 0 0 0 0 0 0 0 0 0 0 0 0 0 0 0 0 0 
0 0 0 0 0 0 0 0 0 0 0 0 0 0 0 0 0 0 0 0 0 0 
0 0 0 0 0 0 0 0 0 0 0 0 0 0 0 0 0 0 0 0 0 0 
0 0 0 0 0 0 0 0 0 0 0 0 0 0 0 0 0 0 0 0 0 0 
0 0 0 0 0 0 0 0 0 0 0 0 0 0 0 0 0 0 0 0 0 0 
0 0 0 0 0 0 0 0 0 0 0 0 0 0 0 0 0 0 0 0 0 0 
0 0 0 0 0 0 0 0 0 0 0 0 0 0 0 0 0 0 0 0 0 0 
